50 5 15.0
3377 0
3194 0
3563 0
4097 0
385 0
2650 0
1159 0
3865 0
4807 0
209 0
4921 0
1009 0
3578 0
2905 0
3133 0
1985 1
2557 0
796 0
4857 0
3547 1
1018 0
3947 0
3076 0
2170 0
4359 0
2134 0
741 0
1063 0
2354 0
4848 0
1034 0
4477 0
2528 0
3331 0
3478 0
1972 0
3487 0
3640 0
1224 0
1881 0
3170 0
4327 0
3477 0
4147 1
3265 0
1153 0
2316 0
2075 1
1993 0
1947 0
158
0 18 6.33
0 42 6.54
0 3 3.45
0 25 6.63
0 26 1.55
1 20 6.61
1 17 10.59
1 9 8.36
1 29 10.9
1 33 6.09
2 14 4.41
2 22 2.51
2 46 9.62
2 34 9.92
2 43 5.76
3 42 2.19
3 35 4.14
3 38 3.44
3 30 9.25
4 26 3.23
4 5 1.12
4 10 4.58
4 27 4.14
4 3 5.37
5 26 3.4
5 10 7.49
5 0 3.69
5 18 9.26
6 41 6.98
6 7 6.98
6 40 10.89
6 44 9.41
6 8 1.14
7 41 9.84
7 8 4.87
7 44 9.29
7 40 4.99
8 44 9.67
8 41 3.88
8 29 6.26
8 46 2.68
9 17 8.68
9 33 10.2
9 18 10.74
9 11 2.74
10 26 1.08
10 0 10.75
10 18 6.56
11 33 1.96
11 25 10.96
11 17 8.78
11 18 8.6
11 8 7.33
12 36 8.69
12 28 1.03
12 45 3.74
12 34 4.2
12 31 6.23
13 30 5.08
13 35 6.21
13 15 3.41
13 39 3.61
13 24 1.08
14 22 3.15
14 34 3.71
14 46 7.01
14 43 10.2
15 39 6.79
15 30 4.29
15 45 7.01
15 35 8.94
16 39 5.93
16 24 10.44
16 15 1.1
16 13 3.12
16 47 6.06
17 33 1.31
17 20 3.11
18 25 2.52
18 33 3.26
18 42 7.16
19 49 9.22
19 21 5.32
19 31 2.18
19 32 9.24
19 36 3.47
20 29 8.93
20 9 3.58
20 37 8.55
21 49 1.47
21 32 5.54
21 31 10.78
21 36 6.49
22 34 1.91
22 46 9.96
22 28 1.17
23 1 10.36
23 9 8.14
23 20 8.45
23 17 6.44
23 33 3.78
24 39 10.18
24 35 1.13
24 15 10.82
24 30 2.11
25 33 8.51
25 42 4.72
26 3 9.09
27 47 6.8
27 24 8.42
27 35 5.03
27 26 7.8
28 34 8.64
28 43 2.77
28 36 5.15
29 44 3.8
29 7 8.77
29 41 4.53
29 6 5.54
30 38 10.87
30 35 2.2
30 42 1.38
31 49 4.29
31 36 4.87
31 32 5.39
32 49 4.23
32 36 6.92
33 29 10.66
34 43 7.87
35 38 7.77
36 45 3.88
36 34 9.88
37 48 8.26
37 6 2.75
37 29 10.52
37 40 4.59
38 43 9.9
38 13 5.38
38 15 6.68
39 35 5.19
39 30 8.25
40 41 2.27
40 48 7.6
40 44 10.24
41 44 10.43
42 38 5.22
42 35 8.09
43 22 8.1
45 28 5.74
45 43 6.9
46 34 7.8
47 24 1.59
47 4 3.93
47 35 6.37
48 6 3.39
48 41 9.02
48 7 10.4
49 36 4.13
